$ANSIBLE_VAULT;1.1;AES256
2
65643237373766643838653164386562633030636130396237313937613962616332323830636233
3
6135343364313163643563316231396661383433303666310a376430383532383135666461373730
4
61373933326435366534306632623463323736313838653530663933393066343964613032666461
5
3335623535656230340a643061393234343734633763313139366362633939353832313362366635
6
34666166646264386334396231376663306131373763373334303831643461366633666135323830
7
39323365343464353739623734623166333334346563653833346366376332376538366138313933
8
643365663062613131373032303066636261